專屬碼	名稱	說明	對應的裝備	販售價個	回收價格	需求量	需求金額	對應物升2星需求量	對應物升2星需求金錢	對應物升3星需求量	對應物升3星需求金錢	對應物升4星需求量	對應物升4星需求金錢	對應物升5星需求量	對應物升5星需求金錢	出處
0503001	9303001	9150001	0103001	{"1":7500,"2":2,"3":100,"4":50}	75	10	1500	10	27000	30	35000	80	120000	160	225000	drop
0503002	9303002	9150001	0103002	{"1":7500,"2":2,"3":100,"4":50}	75	10	1500	10	27000	30	35000	80	120000	160	225000	drop
0503003	9303003	9150001	0103003	{"1":7500,"2":2,"3":100,"4":50}	75	10	1500	10	27000	30	35000	80	120000	160	225000	new
0503004	9303004	9150001	0103004	{"1":7500,"2":2,"3":100,"4":50}	75	10	1500	10	27000	30	35000	80	120000	160	225000	drop
0503005	9303005	9150001	0103005	{"1":7500,"2":2,"3":100,"4":50}	75	10	1500	10	27000	30	35000	80	120000	160	225000	drop
0503006	9303006	9150001	0103006	{"1":7500,"2":2,"3":100,"4":50}	75	10	1500	10	27000	30	35000	80	120000	160	225000	drop
0503007	9303007	9150001	0103007	{"1":7500,"2":2,"3":100,"4":50}	75	10	1500	10	27000	30	35000	80	120000	160	225000	pvp
0503008	9303008	9150001	0103008	{"1":10000,"2":4,"3":100,"4":50}	100	10	1500	10	27000	30	35000	80	120000	160	225000	drop
0503009	9303009	9150001	0103009	{"1":10000,"2":4,"3":100,"4":50}	100	10	1500	10	27000	30	35000	80	120000	160	225000	gdraw
0503010	9303010	9150001	0103010	{"1":7500,"2":2,"3":100,"4":50}	75	10	3000	10	27000	30	35000	80	120000	160	225000	gdraw
0503011	9303011	9150001	0103011	{"1":15000,"2":8,"3":100,"4":50}	150	40	6000	10	27000	30	35000	80	120000	160	225000	shop
0503012	9303012	9150001	0103012	{"1":15000,"2":8,"3":100,"4":50}	150	40	6000	10	27000	30	35000	80	120000	160	225000	eshop
0503013	9303013	9150001	0103013	{"1":10000,"2":4,"3":100,"4":50}	100	10	1500	10	27000	30	35000	80	120000	160	225000	drop
0503014	9303014	9150001	0103014	{"1":12500,"2":6,"3":100,"4":50}	125	20	3000	10	27000	30	35000	80	120000	160	225000	drop
0503015	9303015	9150001	0103015	{"1":17500,"2":10,"3":100,"4":50}	175	100	35000	10	27000	30	35000	80	120000	160	225000	eshop
0503016	9303016	9150001	0103016	{"1":12500,"2":6,"3":100,"4":50}	125	20	3000	10	27000	30	35000	80	120000	160	225000	drop
0503017	9303017	9150001	0103017	{"1":12500,"2":6,"3":100,"4":50}	125	20	3000	10	27000	30	35000	80	120000	160	225000	drop
0503018	9303018	9150001	0103018	{"1":12500,"2":6,"3":100,"4":50}	125	20	3000	10	27000	30	35000	80	120000	160	225000	shop
0503019	9303019	9150001	0103019	{"1":12500,"2":6,"3":100,"4":50}	125	20	3000	10	27000	30	35000	80	120000	160	225000	drop
0503020	9303020	9150001	0103020	{"1":17500,"2":10,"3":100,"4":50}	175	100	35000	10	27000	30	35000	80	120000	160	225000	eshop
0503021	9303021	9150001	0103021	{"1":15000,"2":8,"3":100,"4":50}	150	40	6000	10	27000	30	35000	80	120000	160	225000	eshop
0503022	9303022	9150001	0103022	{"1":15000,"2":8,"3":100,"4":50}	150	40	6000	10	27000	30	35000	80	120000	160	225000	eshop
0503051	9303023	9150001	0103051	{"1":15000,"2":8,"3":100,"4":50}	150	40	6000	10	27000	30	35000	80	120000	160	225000	gdraw
0503052	9303024	9150001	0103052	{"1":15000,"2":8,"3":100,"4":50}	150	40	6000	10	27000	30	35000	80	120000	160	225000	vdraw
0503053	9303025	9150001	0103053	{"1":15000,"2":8,"3":100,"4":50}	150	40	6000	10	27000	30	35000	80	120000	160	225000	v2draw
0503054	9303026	9150001	0103054	{"1":12500,"2":6,"3":100,"4":50}	125	20	3000	10	27000	30	35000	80	120000	160	225000	v10draw
0503055	9303027	9150001	0103055	{"1":10000,"2":4,"3":100,"4":50}	100	10	1500	10	27000	30	35000	80	120000	160	225000	vdraw
0503056	9303028	9150001	0103056	{"1":17500,"2":10,"3":100,"4":50}	175	100	35000	10	27000	30	35000	80	120000	160	225000	vdraw
0503057	9303029	9150001	0103057	{"1":15000,"2":8,"3":100,"4":50}	150	40	6000	10	27000	30	35000	80	120000	160	225000	vdraw
0503058	9303030	9150001	0103058	{"1":15000,"2":8,"3":100,"4":50}	150	40	6000	10	27000	30	35000	80	120000	160	225000	shop
0503059	9303031	9150001	0103059	{"1":17500,"2":10,"3":100,"4":50}	175	100	35000	10	27000	30	35000	80	120000	160	225000	v2draw
0503060	9303032	9150001	0103060	{"1":12500,"2":6,"3":100,"4":50}	125	20	3000	10	27000	30	35000	80	120000	160	225000	v10draw
0503061	9303033	9150001	0103061	{"1":17500,"2":10,"3":100,"4":50}	175	100	35000	10	27000	30	35000	80	120000	160	225000	v10draw
0503062	9303034	9150001	0103062	{"1":15000,"2":8,"3":100,"4":50}	150	40	6000	10	27000	30	35000	80	120000	160	225000	v2draw
0503063	9303035	9150001	0103063	{"1":17500,"2":10,"3":100,"4":50}	175	100	35000	10	27000	30	35000	80	120000	160	225000	v2draw
0503064	9303036	9150001	0103064	{"1":17500,"2":10,"3":100,"4":50}	175	100	35000	10	27000	30	35000	80	120000	160	225000	v2draw
0503501	9303037	9150001	0103501	{"1":10000,"2":4,"3":100,"4":50}	100	10	1500	10	27000	30	35000	80	120000	160	225000	pvp
0503502	9303038	9150001	0103502	{"1":12500,"2":6,"3":100,"4":50}	125	20	3000	10	27000	30	35000	80	120000	160	225000	drop
0503503	9303039	9150001	0103503	{"1":10000,"2":4,"3":100,"4":50}	100	10	1500	10	27000	30	35000	80	120000	160	225000	drop
0503504	9303040	9150001	0103504	{"1":10000,"2":4,"3":100,"4":50}	100	10	1500	10	27000	30	35000	80	120000	160	225000	drop
0503505	9303041	9150001	0103505	{"1":12500,"2":6,"3":100,"4":50}	125	20	3000	10	27000	30	35000	80	120000	160	225000	drop
0503506	9303042	9150001	0103506	{"1":10000,"2":4,"3":100,"4":50}	100	10	1500	10	27000	30	35000	80	120000	160	225000	drop
0503507	9303043	9150001	0103507	{"1":15000,"2":8,"3":100,"4":50}	150	40	6000	10	27000	30	35000	80	120000	160	225000	drop
0503065	9303044	9150001	0103065	{"1":17500,"2":10,"3":100,"4":50}	175	100	35000	10	27000	30	35000	80	120000	160	225000	test
0503066	9303045	9150001	0103066	{"1":17500,"2":10,"3":100,"4":50}	175	100	35000	10	27000	30	35000	80	120000	160	225000	v10draw
0503067	9303046	9150001	0103067	{"1":17500,"2":10,"3":100,"4":50}	175	100	35000	10	27000	30	35000	80	120000	160	225000	test
0503068	9303047	9150001	0103068	{"1":17500,"2":10,"3":100,"4":50}	175	100	35000	10	27000	30	35000	80	120000	160	225000	v2draw
0503069	9303048	9150001	0103069	{"1":17500,"2":10,"3":100,"4":50}	175	100	35000	10	27000	30	35000	80	120000	160	225000	test
0503070	9303049	9150001	0103070	{"1":17500,"2":10,"3":100,"4":50}	175	100	35000	10	27000	30	35000	80	120000	160	225000	test
0503071	9303050	9150001	0103071	{"1":17500,"2":10,"3":100,"4":50}	175	100	35000	10	27000	30	35000	80	120000	160	225000	test
0503072	9303051	9150001	0103072	{"1":17500,"2":10,"3":100,"4":50}	175	100	35000	10	27000	30	35000	80	120000	160	225000	test
0503073	9303052	9150001	0103073	{"1":17500,"2":10,"3":100,"4":50}	175	100	35000	10	27000	30	35000	80	120000	160	225000	test
0503074	9303053	9150001	0103074	{"1":17500,"2":10,"3":100,"4":50}	175	100	35000	10	27000	30	35000	80	120000	160	225000	v2draw
0503075	9303054	9150001	0103075	{"1":15000,"2":8,"3":100,"4":50}	150	40	6000	10	27000	30	35000	80	120000	160	225000	v2draw
0503076	9303055	9150001	0103076	{"1":15000,"2":8,"3":100,"4":50}	150	40	6000	10	27000	30	35000	80	120000	160	225000	v2draw
0503077	9303056	9150001	0103077	{"1":17500,"2":10,"3":100,"4":50}	175	100	35000	10	27000	30	35000	80	120000	160	225000	v2draw
0503078	9303057	9150001	0103078	{"1":15000,"2":8,"3":100,"4":50}	150	40	6000	10	27000	30	35000	80	120000	160	225000	v2draw
0503079	9303058	9150001	0103079	{"1":17500,"2":10,"3":100,"4":50}	175	100	35000	10	27000	30	35000	80	120000	160	225000	v2draw
0503080	9303059	9150001	0103080	{"1":15000,"2":8,"3":100,"4":50}	150	40	6000	10	27000	30	35000	80	120000	160	225000	v2draw
0503081	9303060	9150001	0103081	{"1":15000,"2":8,"3":100,"4":50}	150	40	6000	10	27000	30	35000	80	120000	160	225000	v2draw
0503082	9303061	9150001	0103082	{"1":17500,"2":10,"3":100,"4":50}	175	100	35000	10	27000	30	35000	80	120000	160	225000	test
0503083	9303062	9150001	0103083	{"1":15000,"2":8,"3":100,"4":50}	150	40	6000	10	27000	30	35000	80	120000	160	225000	v2draw
0503084	9303063	9150001	0103084	{"1":17500,"2":10,"3":100,"4":50}	175	100	35000	10	27000	30	35000	80	120000	160	225000	test
0503085	9303064	9150001	0103085	{"1":17500,"2":10,"3":100,"4":50}	175	100	35000	10	27000	30	35000	80	120000	160	225000	test
0503086	9303065	9150001	0103086	{"1":17500,"2":10,"3":100,"4":50}	175	100	35000	10	27000	30	35000	80	120000	160	225000	test
0503087	9303066	9150001	0103087	{"1":17500,"2":10,"3":100,"4":50}	175	100	35000	10	27000	30	35000	80	120000	160	225000	test
0503088	9303067	9150001	0103088	{"1":15000,"2":8,"3":100,"4":50}	150	40	6000	10	27000	30	35000	80	120000	160	225000	v2draw
0503089	9303068	9150001	0103089	{"1":15000,"2":8,"3":100,"4":50}	150	40	6000	10	27000	30	35000	80	120000	160	225000	v2draw
0503090	9303069	9150001	0103090	{"1":15000,"2":8,"3":100,"4":50}	150	40	6000	10	27000	30	35000	80	120000	160	225000	v2draw
0503091	9303070	9150001	0103091	{"1":17500,"2":10,"3":100,"4":50}	175	100	35000	10	27000	30	35000	80	120000	160	225000	test
0503092	9303071	9150001	0103092	{"1":17500,"2":10,"3":100,"4":50}	175	100	35000	10	27000	30	35000	80	120000	160	225000	test
0503093	9303072	9150001	0103093	{"1":17500,"2":10,"3":100,"4":50}	175	100	35000	10	27000	30	35000	80	120000	160	225000	test
0503094	9303073	9150001	0103094	{"1":17500,"2":10,"3":100,"4":50}	175	100	35000	10	27000	30	35000	80	120000	160	225000	test
0503095	9303074	9150001	0103095	{"1":17500,"2":10,"3":100,"4":50}	175	100	35000	10	27000	30	35000	80	120000	160	225000	test
0503096	9303075	9150001	0103096	{"1":17500,"2":10,"3":100,"4":50}	175	100	35000	10	27000	30	35000	80	120000	160	225000	test
0503097	9303076	9150001	0103097	{"1":17500,"2":10,"3":100,"4":50}	175	100	35000	10	27000	30	35000	80	120000	160	225000	test
0503098	9303077	9150001	0103098	{"1":17500,"2":10,"3":100,"4":50}	175	100	35000	10	27000	30	35000	80	120000	160	225000	test
0503099	9303078	9150001	0103099	{"1":17500,"2":10,"3":100,"4":50}	175	100	35000	10	27000	30	35000	80	120000	160	225000	test
0503100	9303079	9150001	0103100	{"1":17500,"2":10,"3":100,"4":50}	175	100	35000	10	27000	30	35000	80	120000	160	225000	test
0503101	9303080	9150001	0103101	{"1":17500,"2":10,"3":100,"4":50}	175	100	35000	10	27000	30	35000	80	120000	160	225000	test
0503102	9303081	9150001	0103102	{"1":17500,"2":10,"3":100,"4":50}	175	100	35000	10	27000	30	35000	80	120000	160	225000	test
0503103	9303082	9150001	0103103	{"1":17500,"2":10,"3":100,"4":50}	175	100	35000	10	27000	30	35000	80	120000	160	225000	test
0503104	9303083	9150001	0103104	{"1":17500,"2":10,"3":100,"4":50}	175	100	35000	10	27000	30	35000	80	120000	160	225000	test
0503105	9303084	9150001	0103105	{"1":17500,"2":10,"3":100,"4":50}	175	100	35000	10	27000	30	35000	80	120000	160	225000	test
0503106	9303085	9150001	0103106	{"1":17500,"2":10,"3":100,"4":50}	175	100	35000	10	27000	30	35000	80	120000	160	225000	test
0503107	9303086	9150001	0103107	{"1":17500,"2":10,"3":100,"4":50}	175	100	35000	10	27000	30	35000	80	120000	160	225000	test
0503108	9303087	9150001	0103108	{"1":17500,"2":10,"3":100,"4":50}	175	100	35000	10	27000	30	35000	80	120000	160	225000	test
0503109	9303088	9150001	0103109	{"1":17500,"2":10,"3":100,"4":50}	175	100	35000	10	27000	30	35000	80	120000	160	225000	test
0503651	9303651	9150001	0103651	{"1":17500,"2":10,"3":100,"4":50}	175	100	35000	10	27000	30	35000	80	120000	160	225000	test
0503654	9303654	9150001	0103654	{"1":17500,"2":10,"3":100,"4":50}	175	100	35000	10	27000	30	35000	80	120000	160	225000	test
0503658	9303658	9150001	0103658	{"1":17500,"2":10,"3":100,"4":50}	175	100	35000	10	27000	30	35000	80	120000	160	225000	test
0503660	9303660	9150001	0103660	{"1":17500,"2":10,"3":100,"4":50}	175	100	35000	10	27000	30	35000	80	120000	160	225000	test
0503663	9303663	9150001	0103663	{"1":17500,"2":10,"3":100,"4":50}	175	100	35000	10	27000	30	35000	80	120000	160	225000	test
0505001	9305001	9150001	0105001	{"1":10000,"2":4,"3":100,"4":50}	100	10	1500	10	27000	30	35000	80	120000	160	225000	drop
0505002	9305002	9150001	0105002	{"1":10000,"2":4,"3":100,"4":50}	100	10	1500	10	27000	30	35000	80	120000	160	225000	drop
0505003	9305003	9150001	0105003	{"1":10000,"2":4,"3":100,"4":50}	100	10	1500	10	27000	30	35000	80	120000	160	225000	drop
0505004	9305004	9150001	0105004	{"1":10000,"2":4,"3":100,"4":50}	100	10	1500	10	27000	30	35000	80	120000	160	225000	drop
0505005	9305005	9150001	0105005	{"1":10000,"2":4,"3":100,"4":50}	100	10	1500	10	27000	30	35000	80	120000	160	225000	drop
0505006	9305006	9150001	0105006	{"1":10000,"2":4,"3":100,"4":50}	100	10	1500	10	27000	30	35000	80	120000	160	225000	basic
0505007	9305007	9150001	0105007	{"1":10000,"2":4,"3":100,"4":50}	100	10	1500	10	27000	30	35000	80	120000	160	225000	drop
0505008	9305008	9150001	0105008	{"1":10000,"2":4,"3":100,"4":50}	100	10	1500	10	27000	30	35000	80	120000	160	225000	drop
0505009	9305009	9150001	0105009	{"1":12500,"2":6,"3":100,"4":50}	125	20	3000	10	27000	30	35000	80	120000	160	225000	gdraw
0505010	9305010	9150001	0105010	{"1":10000,"2":4,"3":100,"4":50}	100	10	1500	10	27000	30	35000	80	120000	160	225000	gdraw
0505011	9305011	9150001	0105011	{"1":15000,"2":8,"3":100,"4":50}	150	40	6000	10	27000	30	35000	80	120000	160	225000	shop
0505012	9305012	9150001	0105012	{"1":15000,"2":8,"3":100,"4":50}	150	40	6000	10	27000	30	35000	80	120000	160	225000	eshop
0505013	9305013	9150001	0105013	{"1":10000,"2":4,"3":100,"4":50}	100	10	1500	10	27000	30	35000	80	120000	160	225000	drop
0505014	9305014	9150001	0105014	{"1":12500,"2":6,"3":100,"4":50}	125	20	3000	10	27000	30	35000	80	120000	160	225000	eshop
0505015	9305015	9150001	0105015	{"1":10000,"2":4,"3":100,"4":50}	100	10	1500	10	27000	30	35000	80	120000	160	225000	drop
0505016	9305016	9150001	0105016	{"1":12500,"2":6,"3":100,"4":50}	125	20	3000	10	27000	30	35000	80	120000	160	225000	shop
0505017	9305017	9150001	0105017	{"1":12500,"2":6,"3":100,"4":50}	125	20	3000	10	27000	30	35000	80	120000	160	225000	shop
0505018	9305018	9150001	0105018	{"1":10000,"2":4,"3":100,"4":50}	100	10	1500	10	27000	30	35000	80	120000	160	225000	shop
0505019	9305019	9150001	0105019	{"1":15000,"2":8,"3":100,"4":50}	150	40	6000	10	27000	30	35000	80	120000	160	225000	eshop
0505051	9305020	9150001	0105051	{"1":15000,"2":8,"3":100,"4":50}	150	40	6000	10	27000	30	35000	80	120000	160	225000	gdraw
0505052	9305021	9150001	0105052	{"1":15000,"2":8,"3":100,"4":50}	150	40	6000	10	27000	30	35000	80	120000	160	225000	vdraw
0505053	9305022	9150001	0105053	{"1":15000,"2":8,"3":100,"4":50}	150	40	6000	10	27000	30	35000	80	120000	160	225000	v2draw
0505054	9305023	9150001	0105054	{"1":12500,"2":6,"3":100,"4":50}	125	20	3000	10	27000	30	35000	80	120000	160	225000	v10draw
0505055	9305024	9150001	0105055	{"1":10000,"2":4,"3":100,"4":50}	100	10	1500	10	27000	30	35000	80	120000	160	225000	vdraw
0505056	9305025	9150001	0105056	{"1":17500,"2":10,"3":100,"4":50}	175	100	35000	10	27000	30	35000	80	120000	160	225000	vdraw
0505057	9305026	9150001	0105057	{"1":15000,"2":8,"3":100,"4":50}	150	40	6000	10	27000	30	35000	80	120000	160	225000	vdraw
0505058	9305027	9150001	0105058	{"1":15000,"2":8,"3":100,"4":50}	150	40	6000	10	27000	30	35000	80	120000	160	225000	shop
0505059	9305028	9150001	0105059	{"1":17500,"2":10,"3":100,"4":50}	175	100	35000	10	27000	30	35000	80	120000	160	225000	v2draw
0505060	9305029	9150001	0105060	{"1":12500,"2":6,"3":100,"4":50}	125	20	3000	10	27000	30	35000	80	120000	160	225000	v10draw
0505061	9305030	9150001	0105061	{"1":17500,"2":10,"3":100,"4":50}	175	100	35000	10	27000	30	35000	80	120000	160	225000	v10draw
0505062	9305031	9150001	0105062	{"1":15000,"2":8,"3":100,"4":50}	150	40	6000	10	27000	30	35000	80	120000	160	225000	v2draw
0505063	9305032	9150001	0105063	{"1":17500,"2":10,"3":100,"4":50}	175	100	35000	10	27000	30	35000	80	120000	160	225000	v2draw
0505064	9305033	9150001	0105064	{"1":17500,"2":10,"3":100,"4":50}	175	100	35000	10	27000	30	35000	80	120000	160	225000	v2draw
0505065	9305034	9150001	0105065	{"1":17500,"2":10,"3":100,"4":50}	175	100	35000	10	27000	30	35000	80	120000	160	225000	none
0505101	9305035	9150001	0105101	{"1":12500,"2":6,"3":100,"4":50}	125	20	3000	10	27000	30	35000	80	120000	160	225000	pvp
0505102	9305036	9150001	0105102	{"1":15000,"2":8,"3":100,"4":50}	150	40	6000	10	27000	30	35000	80	120000	160	225000	eshop
0505103	9305037	9150001	0105103	{"1":12500,"2":6,"3":100,"4":50}	125	20	3000	10	27000	30	35000	80	120000	160	225000	pvp
0505104	9305038	9150001	0105104	{"1":12500,"2":6,"3":100,"4":50}	125	20	3000	10	27000	30	35000	80	120000	160	225000	eshop
0505105	9305039	9150001	0105105	{"1":12500,"2":6,"3":100,"4":50}	125	20	3000	10	27000	30	35000	80	120000	160	225000	eshop
0505106	9305040	9150001	0105106	{"1":12500,"2":6,"3":100,"4":50}	125	20	3000	10	27000	30	35000	80	120000	160	225000	drop
0505107	9305041	9150001	0105107	{"1":15000,"2":8,"3":100,"4":50}	150	40	6000	10	27000	30	35000	80	120000	160	225000	v2draw
0505501	9305042	9150001	0105501	{"1":10000,"2":4,"3":100,"4":50}	100	10	1500	10	27000	30	35000	80	120000	160	225000	
0505502	9305043	9150001	0105502	{"1":10000,"2":4,"3":100,"4":50}	100	10	1500	10	27000	30	35000	80	120000	160	225000	
0505503	9305044	9150001	0105503	{"1":12500,"2":6,"3":100,"4":50}	125	20	3000	10	27000	30	35000	80	120000	160	225000	pvp
0505504	9305045	9150001	0105504	{"1":12500,"2":6,"3":100,"4":50}	125	20	3000	10	27000	30	35000	80	120000	160	225000	
0505505	9305046	9150001	0105505	{"1":12500,"2":6,"3":100,"4":50}	125	20	3000	10	27000	30	35000	80	120000	160	225000	
0505506	9305047	9150001	0105506	{"1":12500,"2":6,"3":100,"4":50}	125	20	3000	10	27000	30	35000	80	120000	160	225000	
0505507	9305048	9150001	0105507	{"1":10000,"2":4,"3":100,"4":50}	100	10	1500	10	27000	30	35000	80	120000	160	225000	
0505508	9305049	9150001	0105508	{"1":10000,"2":4,"3":100,"4":50}	100	10	1500	10	27000	30	35000	80	120000	160	225000	
0505509	9305050	9150001	0105509	{"1":12500,"2":6,"3":100,"4":50}	125	20	3000	10	27000	30	35000	80	120000	160	225000	pvp
0505066	9305051	9150001	0105066	{"1":17500,"2":10,"3":100,"4":50}	175	100	35000	10	27000	30	35000	80	120000	160	225000	test
0505067	9305052	9150001	0105067	{"1":17500,"2":10,"3":100,"4":50}	175	100	35000	10	27000	30	35000	80	120000	160	225000	v10draw
0505068	9305053	9150001	0105068	{"1":17500,"2":10,"3":100,"4":50}	175	100	35000	10	27000	30	35000	80	120000	160	225000	test
0505069	9305054	9150001	0105069	{"1":17500,"2":10,"3":100,"4":50}	175	100	35000	10	27000	30	35000	80	120000	160	225000	v2draw
0505070	9305055	9150001	0105070	{"1":17500,"2":10,"3":100,"4":50}	175	100	35000	10	27000	30	35000	80	120000	160	225000	test
0505071	9305056	9150001	0105071	{"1":17500,"2":10,"3":100,"4":50}	175	100	35000	10	27000	30	35000	80	120000	160	225000	test
0505072	9305057	9150001	0105072	{"1":17500,"2":10,"3":100,"4":50}	175	100	35000	10	27000	30	35000	80	120000	160	225000	test
0505073	9305058	9150001	0105073	{"1":17500,"2":10,"3":100,"4":50}	175	100	35000	10	27000	30	35000	80	120000	160	225000	test
0505074	9305059	9150001	0105074	{"1":17500,"2":10,"3":100,"4":50}	175	100	35000	10	27000	30	35000	80	120000	160	225000	test
0505075	9305060	9150001	0105075	{"1":17500,"2":10,"3":100,"4":50}	175	100	35000	10	27000	30	35000	80	120000	160	225000	test
0505076	9305061	9150001	0105076	{"1":17500,"2":10,"3":100,"4":50}	175	100	35000	10	27000	30	35000	80	120000	160	225000	v2draw
0505077	9305062	9150001	0105077	{"1":15000,"2":8,"3":100,"4":50}	150	40	6000	10	27000	30	35000	80	120000	160	225000	v2draw
0505078	9305063	9150001	0105078	{"1":15000,"2":8,"3":100,"4":50}	150	40	6000	10	27000	30	35000	80	120000	160	225000	v2draw
0505079	9305064	9150001	0105079	{"1":17500,"2":10,"3":100,"4":50}	175	100	35000	10	27000	30	35000	80	120000	160	225000	v2draw
0505080	9305065	9150001	0105080	{"1":15000,"2":8,"3":100,"4":50}	150	40	6000	10	27000	30	35000	80	120000	160	225000	v2draw
0505081	9305066	9150001	0105081	{"1":17500,"2":10,"3":100,"4":50}	175	100	35000	10	27000	30	35000	80	120000	160	225000	v2draw
0505082	9305067	9150001	0105082	{"1":15000,"2":8,"3":100,"4":50}	150	40	6000	10	27000	30	35000	80	120000	160	225000	v2draw
0505083	9305068	9150001	0105083	{"1":15000,"2":8,"3":100,"4":50}	150	40	6000	10	27000	30	35000	80	120000	160	225000	v2draw
0505084	9305069	9150001	0105084	{"1":17500,"2":10,"3":100,"4":50}	175	100	35000	10	27000	30	35000	80	120000	160	225000	test
0505085	9305070	9150001	0105085	{"1":15000,"2":8,"3":100,"4":50}	150	40	6000	10	27000	30	35000	80	120000	160	225000	v2draw
0505086	9305071	9150001	0105086	{"1":17500,"2":10,"3":100,"4":50}	175	100	35000	10	27000	30	35000	80	120000	160	225000	test
0505087	9305072	9150001	0105087	{"1":17500,"2":10,"3":100,"4":50}	175	100	35000	10	27000	30	35000	80	120000	160	225000	test
0505088	9305073	9150001	0105088	{"1":17500,"2":10,"3":100,"4":50}	175	100	35000	10	27000	30	35000	80	120000	160	225000	test
0505089	9305074	9150001	0105089	{"1":17500,"2":10,"3":100,"4":50}	175	100	35000	10	27000	30	35000	80	120000	160	225000	test
0505090	9305075	9150001	0105090	{"1":15000,"2":8,"3":100,"4":50}	150	40	6000	10	27000	30	35000	80	120000	160	225000	v2draw
0505091	9305076	9150001	0105091	{"1":15000,"2":8,"3":100,"4":50}	150	40	6000	10	27000	30	35000	80	120000	160	225000	v2draw
0505092	9305077	9150001	0105092	{"1":15000,"2":8,"3":100,"4":50}	150	40	6000	10	27000	30	35000	80	120000	160	225000	v2draw
0505093	9305078	9150001	0105093	{"1":17500,"2":10,"3":100,"4":50}	175	100	35000	10	27000	30	35000	80	120000	160	225000	test
0505094	9305079	9150001	0105094	{"1":17500,"2":10,"3":100,"4":50}	175	100	35000	10	27000	30	35000	80	120000	160	225000	test
0505095	9305080	9150001	0105095	{"1":17500,"2":10,"3":100,"4":50}	175	100	35000	10	27000	30	35000	80	120000	160	225000	test
0505096	9305081	9150001	0105096	{"1":17500,"2":10,"3":100,"4":50}	175	100	35000	10	27000	30	35000	80	120000	160	225000	test
0505097	9305082	9150001	0105097	{"1":17500,"2":10,"3":100,"4":50}	175	100	35000	10	27000	30	35000	80	120000	160	225000	test
0505098	9305083	9150001	0105098	{"1":17500,"2":10,"3":100,"4":50}	175	100	35000	10	27000	30	35000	80	120000	160	225000	test
0505099	9305084	9150001	0105099	{"1":17500,"2":10,"3":100,"4":50}	175	100	35000	10	27000	30	35000	80	120000	160	225000	test
0505100	9305085	9150001	0105100	{"1":17500,"2":10,"3":100,"4":50}	175	100	35000	10	27000	30	35000	80	120000	160	225000	test
0505201	9305086	9150001	0105201	{"1":17500,"2":10,"3":100,"4":50}	175	100	35000	10	27000	30	35000	80	120000	160	225000	test
0505202	9305087	9150001	0105202	{"1":17500,"2":10,"3":100,"4":50}	175	100	35000	10	27000	30	35000	80	120000	160	225000	test
0505203	9305088	9150001	0105203	{"1":17500,"2":10,"3":100,"4":50}	175	100	35000	10	27000	30	35000	80	120000	160	225000	test
0505204	9305089	9150001	0105204	{"1":17500,"2":10,"3":100,"4":50}	175	100	35000	10	27000	30	35000	80	120000	160	225000	test
0505205	9305090	9150001	0105205	{"1":17500,"2":10,"3":100,"4":50}	175	100	35000	10	27000	30	35000	80	120000	160	225000	test
0505206	9305091	9150001	0105206	{"1":17500,"2":10,"3":100,"4":50}	175	100	35000	10	27000	30	35000	80	120000	160	225000	test
0505207	9305092	9150001	0105207	{"1":17500,"2":10,"3":100,"4":50}	175	100	35000	10	27000	30	35000	80	120000	160	225000	test
0505208	9305093	9150001	0105208	{"1":17500,"2":10,"3":100,"4":50}	175	100	35000	10	27000	30	35000	80	120000	160	225000	test
0505209	9305094	9150001	0105209	{"1":17500,"2":10,"3":100,"4":50}	175	100	35000	10	27000	30	35000	80	120000	160	225000	test
0505651	9305651	9150001	0105651	{"1":17500,"2":10,"3":100,"4":50}	175	100	35000	10	27000	30	35000	80	120000	160	225000	test
0505654	9305654	9150001	0105654	{"1":17500,"2":10,"3":100,"4":50}	175	100	35000	10	27000	30	35000	80	120000	160	225000	test
0505658	9305658	9150001	0105658	{"1":17500,"2":10,"3":100,"4":50}	175	100	35000	10	27000	30	35000	80	120000	160	225000	test
0505660	9305660	9150001	0105660	{"1":17500,"2":10,"3":100,"4":50}	175	100	35000	10	27000	30	35000	80	120000	160	225000	test
0505664	9305664	9150001	0105664	{"1":17500,"2":10,"3":100,"4":50}	175	100	35000	10	27000	30	35000	80	120000	160	225000	test
0502001	9302001	9150001	0102001	{"1":10000,"2":4,"3":100,"4":50}	100	10	1500	10	27000	30	35000	80	120000	160	225000	none
0502002	9302002	9150001	0102002	{"1":10000,"2":4,"3":100,"4":50}	100	10	1500	10	27000	30	35000	80	120000	160	225000	none
0502003	9302003	9150001	0102003	{"1":10000,"2":4,"3":100,"4":50}	100	10	1500	10	27000	30	35000	80	120000	160	225000	none
0502004	9302004	9150001	0102004	{"1":10000,"2":4,"3":100,"4":50}	100	10	1500	10	27000	30	35000	80	120000	160	225000	none
0502005	9302005	9150001	0102005	{"1":10000,"2":4,"3":100,"4":50}	100	10	1500	10	27000	30	35000	80	120000	160	225000	shop
0502006	9302006	9150001	0102006	{"1":10000,"2":4,"3":100,"4":50}	100	10	1500	10	27000	30	35000	80	120000	160	225000	none
0502007	9302007	9150001	0102007	{"1":10000,"2":4,"3":100,"4":50}	100	10	1500	10	27000	30	35000	80	120000	160	225000	none
0502008	9302008	9150001	0102008	{"1":12500,"2":6,"3":100,"4":50}	125	20	3000	10	27000	30	35000	80	120000	160	225000	none
0502009	9302009	9150001	0102009	{"1":17500,"2":10,"3":100,"4":50}	175	100	35000	10	27000	30	35000	80	120000	160	225000	drop
0502010	9302010	9150001	0102010	{"1":12500,"2":6,"3":100,"4":50}	125	20	3000	10	27000	30	35000	80	120000	160	225000	none
0502011	9302011	9150001	0102011	{"1":10000,"2":4,"3":100,"4":50}	100	10	1500	10	27000	30	35000	80	120000	160	225000	drop
0502012	9302012	9150001	0102012	{"1":10000,"2":4,"3":100,"4":50}	100	10	1500	10	27000	30	35000	80	120000	160	225000	none
0502013	9302013	9150001	0102013	{"1":10000,"2":4,"3":100,"4":50}	100	10	1500	10	27000	30	35000	80	120000	160	225000	none
0502014	9302014	9150001	0102014	{"1":10000,"2":4,"3":100,"4":50}	100	10	1500	10	27000	30	35000	80	120000	160	225000	drop
0502015	9302015	9150001	0102015	{"1":10000,"2":4,"3":100,"4":50}	100	10	1500	10	27000	30	35000	80	120000	160	225000	none
0502016	9302016	9150001	0102016	{"1":12500,"2":6,"3":100,"4":50}	125	20	3000	10	27000	30	35000	80	120000	160	225000	drop
0502017	9302017	9150001	0102017	{"1":12500,"2":6,"3":100,"4":50}	125	20	3000	10	27000	30	35000	80	120000	160	225000	drop
0502018	9302018	9150001	0102018	{"1":10000,"2":4,"3":100,"4":50}	100	10	1500	10	27000	30	35000	80	120000	160	225000	none
0502019	9302019	9150001	0102019	{"1":10000,"2":4,"3":100,"4":50}	100	10	1500	10	27000	30	35000	80	120000	160	225000	drop
0502020	9302020	9150001	0102020	{"1":10000,"2":4,"3":100,"4":50}	100	10	1500	10	27000	30	35000	80	120000	160	225000	basic
0502021	9302021	9150001	0102021	{"1":17500,"2":50,"3":100,"4":50}	175	30	6000	30	27000	40	35000	100	120000	130	225000	none
0502022	9302022	9150001	0102022	{"1":17500,"2":50,"3":100,"4":50}	175	30	6000	30	27000	40	35000	100	120000	130	225000	none
0502023	9302023	9150001	0102023	{"1":12500,"2":6,"3":100,"4":50}	125	20	3000	10	27000	30	35000	80	120000	160	225000	none
0502024	9302024	9150001	0102024	{"1":15000,"2":8,"3":100,"4":50}	150	40	6000	10	27000	30	35000	80	120000	160	0	drop
0502025	9302025	9150001	0102025	{"1":12500,"2":6,"3":100,"4":50}	125	20	3000	10	27000	30	35000	80	120000	160	225000	drop
0502026	9302026	9150001	0102026	{"1":12500,"2":6,"3":100,"4":50}	125	20	3000	10	27000	30	35000	80	120000	160	225000	drop
0502027	9302027	9150001	0102027	{"1":15000,"2":8,"3":100,"4":50}	150	40	6000	10	27000	30	35000	80	120000	160	225000	none
0502028	9302028	9150001	0102028	{"1":10000,"2":4,"3":100,"4":50}	100	10	1500	10	27000	30	35000	80	120000	160	225000	none
0502029	9302029	9150001	0102029	{"1":15000,"2":8,"3":100,"4":50}	150	40	6000	10	27000	30	35000	80	120000	160	225000	pvp
0502030	9302030	9150001	0102030	{"1":17500,"2":10,"3":100,"4":50}	175	100	35000	10	27000	30	35000	80	120000	160	225000	eshop
0502031	9302031	9150001	0102031	{"1":17500,"2":50,"3":100,"4":50}	175	30	6000	30	27000	40	35000	100	120000	130	225000	none
0502032	9302032	9150001	0102032	{"1":10000,"2":4,"3":100,"4":50}	100	10	1500	10	27000	30	35000	80	120000	160	225000	none
0502033	9302033	9150001	0102033	{"1":10000,"2":4,"3":100,"4":50}	100	10	1500	10	27000	30	35000	80	120000	160	225000	none
0502034	9302034	9150001	0102034	{"1":10000,"2":4,"3":100,"4":50}	100	10	1500	10	27000	30	35000	80	120000	160	225000	none
0502035	9302035	9150001	0102035	{"1":10000,"2":4,"3":100,"4":50}	100	10	1500	10	27000	30	35000	80	120000	160	225000	
0502036	9302036	9150001	0102036	{"1":10000,"2":4,"3":100,"4":50}	100	10	1500	10	27000	30	35000	80	120000	160	225000	drop
0502037	9302037	9150001	0102037	{"1":12500,"2":6,"3":100,"4":50}	125	20	3000	10	27000	30	35000	80	120000	160	225000	drop
0502038	9302038	9150001	0102038	{"1":12500,"2":6,"3":100,"4":50}	125	20	3000	10	27000	30	35000	80	120000	160	225000	gdraw
0502039	9302039	9150001	0102039	{"1":12500,"2":6,"3":100,"4":50}	125	20	3000	10	27000	30	35000	80	120000	160	225000	gdraw
0502040	9302040	9150001	0102040	{"1":10000,"2":4,"3":100,"4":50}	100	10	1500	10	27000	30	35000	80	120000	160	225000	drop
0502041	9302041	9150001	0102041	{"1":12500,"2":6,"3":100,"4":50}	125	20	3000	10	27000	30	35000	80	120000	160	225000	drop
0502042	9302042	9150001	0102042	{"1":12500,"2":6,"3":100,"4":50}	125	20	3000	10	27000	30	35000	80	120000	160	225000	drop
0502043	9302043	9150001	0102043	{"1":15000,"2":8,"3":100,"4":50}	150	40	6000	10	27000	30	35000	80	120000	160	0	shop
0502044	9302044	9150001	0102044	{"1":12500,"2":6,"3":100,"4":50}	125	20	3000	10	27000	30	35000	80	120000	160	225000	gdraw
0502045	9302045	9150001	0102045	{"1":10000,"2":4,"3":100,"4":50}	100	10	1500	10	27000	30	35000	80	120000	160	225000	shop
0502046	9302046	9150001	0102046	{"1":12500,"2":6,"3":100,"4":50}	125	20	3000	10	27000	30	35000	80	120000	160	225000	
0502047	9302047	9150001	0102047	{"1":17500,"2":10,"3":100,"4":50}	175	100	35000	10	27000	30	35000	80	120000	160	225000	pvp
0502048	9302048	9150001	0102048	{"1":10000,"2":4,"3":100,"4":50}	100	10	1500	10	27000	30	35000	80	120000	160	225000	none
0502049	9302049	9150001	0102049	{"1":12500,"2":6,"3":100,"4":50}	125	20	3000	10	27000	30	35000	80	120000	160	225000	shop
0502050	9302050	9150001	0102050	{"1":10000,"2":4,"3":100,"4":50}	100	10	1500	10	27000	30	35000	80	120000	160	225000	shop
0502051	9302051	9150001	0102051	{"1":15000,"2":8,"3":100,"4":50}	150	40	6000	10	27000	30	35000	80	120000	160	225000	gdraw
0502052	9302052	9150001	0102052	{"1":15000,"2":8,"3":100,"4":50}	150	40	6000	10	27000	30	35000	80	120000	160	225000	vdraw
0502053	9302053	9150001	0102053	{"1":15000,"2":8,"3":100,"4":50}	150	40	6000	10	27000	30	35000	80	120000	160	225000	v2draw
0502054	9302054	9150001	0102054	{"1":12500,"2":6,"3":100,"4":50}	125	20	3000	10	27000	30	35000	80	120000	160	225000	v10draw
0502055	9302055	9150001	0102055	{"1":10000,"2":4,"3":100,"4":50}	100	10	1500	10	27000	30	35000	80	120000	160	225000	vdraw
0502056	9302056	9150001	0102056	{"1":17500,"2":10,"3":100,"4":50}	175	100	35000	10	27000	30	35000	80	120000	160	225000	vdraw
0502057	9302057	9150001	0102057	{"1":15000,"2":8,"3":100,"4":50}	150	40	6000	10	27000	30	35000	80	120000	160	225000	vdraw
0502058	9302058	9150001	0102058	{"1":15000,"2":8,"3":100,"4":50}	150	40	6000	10	27000	30	35000	80	120000	160	225000	shop
0502059	9302059	9150001	0102059	{"1":17500,"2":10,"3":100,"4":50}	175	100	35000	10	27000	30	35000	80	120000	160	225000	v2draw
0502060	9302060	9150001	0102060	{"1":12500,"2":6,"3":100,"4":50}	125	20	3000	10	27000	30	35000	80	120000	160	225000	v10draw
0502061	9302061	9150001	0102061	{"1":17500,"2":10,"3":100,"4":50}	175	100	35000	10	27000	30	35000	80	120000	160	225000	v10draw
0502062	9302062	9150001	0102062	{"1":15000,"2":8,"3":100,"4":50}	150	40	6000	10	27000	30	35000	80	120000	160	225000	v2draw
0502063	9302063	9150001	0102063	{"1":17500,"2":10,"3":100,"4":50}	175	100	35000	10	27000	30	35000	80	120000	160	225000	v2draw
0502064	9302064	9150001	0102064	{"1":15000,"2":8,"3":100,"4":50}	150	40	6000	10	27000	30	35000	80	120000	160	225000	eshop
0502065	9302065	9150001	0102065	{"1":15000,"2":8,"3":100,"4":50}	150	40	6000	10	27000	30	35000	80	120000	160	225000	v2draw
0502066	9302066	9150001	0102066	{"1":17500,"2":10,"3":100,"4":50}	175	100	35000	10	27000	30	35000	80	120000	160	225000	v2draw
0502067	9302067	9150001	0102067	{"1":17500,"2":50,"3":100,"4":50}	175	30	6000	30	27000	40	35000	100	120000	130	225000	none
0502068	9302068	9150001	0102068	{"1":17500,"2":50,"3":100,"4":50}	175	30	6000	30	27000	40	35000	100	120000	130	225000	none
0502069	9302069	9150001	0102069	{"1":17500,"2":50,"3":100,"4":50}	175	30	6000	30	27000	40	35000	100	120000	130	225000	none
0502070	9302070	9150001	0102070	{"1":10000,"2":4,"3":100,"4":50}	100	10	1500	10	27000	30	35000	80	120000	160	225000	none
0502071	9302071	9150001	0102071	{"1":15000,"2":8,"3":100,"4":50}	150	40	6000	10	27000	30	35000	80	120000	160	225000	none
0502072	9302072	9150001	0102072	{"1":17500,"2":50,"3":100,"4":50}	175	100	35000	30	27000	40	35000	100	120000	130	225000	none
0502073	9302073	9150001	0102073	{"1":17500,"2":50,"3":100,"4":50}	175	100	35000	30	27000	40	35000	100	120000	130	225000	none
0502101	9302074	9150001	0102101	{"1":10000,"2":4,"3":100,"4":50}	100	10	1500	10	27000	30	35000	80	120000	160	225000	drop
0502102	9302075	9150001	0102102	{"1":10000,"2":4,"3":100,"4":50}	100	10	1500	10	27000	30	35000	80	120000	160	225000	pvp
0502103	9302076	9150001	0102103	{"1":10000,"2":4,"3":100,"4":50}	100	10	1500	10	27000	30	35000	80	120000	160	225000	pvp
0502104	9302077	9150001	0102104	{"1":10000,"2":4,"3":100,"4":50}	100	10	1500	10	27000	30	35000	80	120000	160	225000	pvp
0502105	9302078	9150001	0102105	{"1":10000,"2":4,"3":100,"4":50}	100	10	1500	10	27000	30	35000	80	120000	160	225000	pvp
0502106	9302079	9150001	0102106	{"1":10000,"2":4,"3":100,"4":50}	100	10	1500	10	27000	30	35000	80	120000	160	225000	v2draw
0502501	9302080	9150001	0102501	{"1":10000,"2":4,"3":100,"4":50}	100	10	1500	10	27000	30	35000	80	120000	160	225000	
0502502	9302081	9150001	0102502	{"1":10000,"2":4,"3":100,"4":50}	100	10	1500	10	27000	30	35000	80	120000	160	225000	
0502503	9302082	9150001	0102503	{"1":12500,"2":6,"3":100,"4":50}	125	20	3000	10	27000	30	35000	80	120000	160	225000	
0502504	9302083	9150001	0102504	{"1":15000,"2":8,"3":100,"4":50}	150	40	6000	10	27000	30	35000	80	120000	160	225000	
0502505	9302084	9150001	0102505	{"1":12500,"2":6,"3":100,"4":50}	125	20	3000	10	27000	30	35000	80	120000	160	225000	
0502506	9302085	9150001	0102506	{"1":10000,"2":4,"3":100,"4":50}	100	10	1500	10	27000	30	35000	80	120000	160	225000	
0502074	9302086	9150001	0102074	{"1":17500,"2":10,"3":100,"4":50}	175	100	35000	10	27000	30	35000	80	120000	160	225000	test
0502075	9302087	9150001	0102075	{"1":17500,"2":10,"3":100,"4":50}	175	100	35000	10	27000	30	35000	80	120000	160	225000	v10draw
0502076	9302088	9150001	0102076	{"1":17500,"2":10,"3":100,"4":50}	175	100	35000	10	27000	30	35000	80	120000	160	225000	none
0502077	9302089	9150001	0102077	{"1":17500,"2":10,"3":100,"4":50}	175	100	35000	10	27000	30	35000	80	120000	160	225000	test
0502078	9302090	9150001	0102078	{"1":17500,"2":10,"3":100,"4":50}	175	100	35000	10	27000	30	35000	80	120000	160	225000	v2draw
0502079	9302091	9150001	0102079	{"1":17500,"2":10,"3":100,"4":50}	175	100	35000	10	27000	30	35000	80	120000	160	225000	test
0502080	9302092	9150001	0102080	{"1":17500,"2":10,"3":100,"4":50}	175	100	35000	10	27000	30	35000	80	120000	160	225000	test
0502081	9302093	9150001	0102081	{"1":17500,"2":10,"3":100,"4":50}	175	100	35000	10	27000	30	35000	80	120000	160	225000	none
0502082	9302094	9150001	0102082	{"1":17500,"2":10,"3":100,"4":50}	175	100	35000	10	27000	30	35000	80	120000	160	225000	none
0502083	9302095	9150001	0102083	{"1":12500,"2":6,"3":100,"4":50}	125	20	3000	10	27000	30	35000	80	120000	160	225000	none
0502084	9302096	9150001	0102084	{"1":10000,"2":4,"3":100,"4":50}	100	10	1500	10	27000	30	35000	80	120000	160	225000	none
0502085	9302097	9150001	0102085	{"1":12500,"2":6,"3":100,"4":50}	125	20	3000	10	27000	30	35000	80	120000	160	225000	none
0502086	9302098	9150001	0102086	{"1":17500,"2":10,"3":100,"4":50}	175	100	35000	10	27000	30	35000	80	120000	160	225000	test
0502087	9302099	9150001	0102087	{"1":17500,"2":10,"3":100,"4":50}	175	100	35000	10	27000	30	35000	80	120000	160	225000	test
0502088	9302100	9150001	0102088	{"1":17500,"2":10,"3":100,"4":50}	175	100	35000	10	27000	30	35000	80	120000	160	225000	none
0502089	9302101	9150001	0102089	{"1":17500,"2":10,"3":100,"4":50}	175	100	35000	10	27000	30	35000	80	120000	160	225000	test
0502090	9302102	9150001	0102090	{"1":17500,"2":10,"3":100,"4":50}	175	100	35000	10	27000	30	35000	80	120000	160	225000	test
0502091	9302103	9150001	0102091	{"1":15000,"2":8,"3":100,"4":50}	150	40	6000	10	27000	30	35000	80	120000	160	225000	v2draw
0502092	9302104	9150001	0102092	{"1":17500,"2":10,"3":100,"4":50}	175	100	35000	10	27000	30	35000	80	120000	160	225000	v2draw
0502093	9302105	9150001	0102093	{"1":15000,"2":8,"3":100,"4":50}	150	40	6000	10	27000	30	35000	80	120000	160	225000	v2draw
0502094	9302106	9150001	0102094	{"1":17500,"2":10,"3":100,"4":50}	175	100	35000	10	27000	30	35000	80	120000	160	225000	v2draw
0502095	9302107	9150001	0102095	{"1":15000,"2":8,"3":100,"4":50}	150	40	6000	10	27000	30	35000	80	120000	160	225000	v2draw
0502096	9302108	9150001	0102096	{"1":17500,"2":10,"3":100,"4":50}	175	100	35000	10	27000	30	35000	80	120000	160	225000	v2draw
0502097	9302109	9150001	0102097	{"1":15000,"2":8,"3":100,"4":50}	150	40	6000	10	27000	30	35000	80	120000	160	225000	v2draw
0502098	9302110	9150001	0102098	{"1":15000,"2":8,"3":100,"4":50}	150	40	6000	10	27000	30	35000	80	120000	160	225000	v2draw
0502099	9302111	9150001	0102099	{"1":17500,"2":10,"3":100,"4":50}	175	100	35000	10	27000	30	35000	80	120000	160	225000	test
0502100	9302112	9150001	0102100	{"1":15000,"2":8,"3":100,"4":50}	150	40	6000	10	27000	30	35000	80	120000	160	225000	v2draw
0502201	9302113	9150001	0102201	{"1":17500,"2":10,"3":100,"4":50}	175	100	35000	10	27000	30	35000	80	120000	160	225000	test
0502202	9302114	9150001	0102202	{"1":17500,"2":10,"3":100,"4":50}	175	100	35000	10	27000	30	35000	80	120000	160	225000	test
0502203	9302115	9150001	0102203	{"1":17500,"2":10,"3":100,"4":50}	175	100	35000	10	27000	30	35000	80	120000	160	225000	test
0502204	9302116	9150001	0102204	{"1":17500,"2":10,"3":100,"4":50}	175	100	35000	10	27000	30	35000	80	120000	160	225000	test
0502205	9302117	9150001	0102205	{"1":15000,"2":8,"3":100,"4":50}	150	40	6000	10	27000	30	35000	80	120000	160	225000	v2draw
0502206	9302118	9150001	0102206	{"1":15000,"2":8,"3":100,"4":50}	150	40	6000	10	27000	30	35000	80	120000	160	225000	v2draw
0502207	9302119	9150001	0102207	{"1":15000,"2":8,"3":100,"4":50}	150	40	6000	10	27000	30	35000	80	120000	160	225000	v2draw
0502208	9302120	9150001	0102208	{"1":17500,"2":10,"3":100,"4":50}	175	100	35000	10	27000	30	35000	80	120000	160	225000	test
0502209	9302121	9150001	0102209	{"1":17500,"2":10,"3":100,"4":50}	175	100	35000	10	27000	30	35000	80	120000	160	225000	test
0502210	9302122	9150001	0102210	{"1":17500,"2":10,"3":100,"4":50}	175	100	35000	10	27000	30	35000	80	120000	160	225000	test
0502211	9302123	9150001	0102211	{"1":17500,"2":10,"3":100,"4":50}	175	100	35000	10	27000	30	35000	80	120000	160	225000	test
0502212	9302124	9150001	0102212	{"1":17500,"2":10,"3":100,"4":50}	175	100	35000	10	27000	30	35000	80	120000	160	225000	test
0502213	9302125	9150001	0102213	{"1":17500,"2":10,"3":100,"4":50}	175	100	35000	10	27000	30	35000	80	120000	160	225000	test
0502214	9302126	9150001	0102214	{"1":17500,"2":10,"3":100,"4":50}	175	100	35000	10	27000	30	35000	80	120000	160	225000	test
0502215	9302127	9150001	0102215	{"1":17500,"2":10,"3":100,"4":50}	175	100	35000	10	27000	30	35000	80	120000	160	225000	test
0502216	9302128	9150001	0102216	{"1":17500,"2":10,"3":100,"4":50}	175	100	35000	10	27000	30	35000	80	120000	160	225000	test
0502217	9302129	9150001	0102217	{"1":17500,"2":10,"3":100,"4":50}	175	100	35000	10	27000	30	35000	80	120000	160	225000	test
0502218	9302130	9150001	0102218	{"1":17500,"2":10,"3":100,"4":50}	175	100	35000	10	27000	30	35000	80	120000	160	225000	test
0502219	9302131	9150001	0102219	{"1":17500,"2":10,"3":100,"4":50}	175	100	35000	10	27000	30	35000	80	120000	160	225000	test
0502220	9302132	9150001	0102220	{"1":17500,"2":10,"3":100,"4":50}	175	100	35000	10	27000	30	35000	80	120000	160	225000	test
0502221	9302133	9150001	0102221	{"1":17500,"2":10,"3":100,"4":50}	175	100	35000	10	27000	30	35000	80	120000	160	225000	test
0502222	9302134	9150001	0102222	{"1":17500,"2":10,"3":100,"4":50}	175	100	35000	10	27000	30	35000	80	120000	160	225000	test
0502223	9302135	9150001	0102223	{"1":17500,"2":10,"3":100,"4":50}	175	100	35000	10	27000	30	35000	80	120000	160	225000	test
0502224	9302136	9150001	0102224	{"1":17500,"2":10,"3":100,"4":50}	175	100	35000	10	27000	30	35000	80	120000	160	225000	test
0502225	9302137	9150001	0102225	{"1":17500,"2":10,"3":100,"4":50}	175	100	35000	10	27000	30	35000	80	120000	160	225000	test
0502226	9302138	9150001	0102226	{"1":17500,"2":10,"3":100,"4":50}	175	100	35000	10	27000	30	35000	80	120000	160	225000	test
0502227	9302139	9150001	0102227	{"1":17500,"2":10,"3":100,"4":50}	175	100	35000	10	27000	30	35000	80	120000	160	225000	test
0502228	9302140	9150001	0102228	{"1":17500,"2":10,"3":100,"4":50}	175	100	35000	10	27000	30	35000	80	120000	160	225000	test
0502229	9302141	9150001	0102229	{"1":17500,"2":10,"3":100,"4":50}	175	100	35000	10	27000	30	35000	80	120000	160	225000	test
0502230	9302142	9150001	0102230	{"1":17500,"2":10,"3":100,"4":50}	175	100	35000	10	27000	30	35000	80	120000	160	225000	test
0502231	9302143	9150001	0102231	{"1":17500,"2":10,"3":100,"4":50}	175	100	35000	10	27000	30	35000	80	120000	160	225000	test
0502232	9302144	9150001	0102232	{"1":17500,"2":10,"3":100,"4":50}	175	100	35000	10	27000	30	35000	80	120000	160	225000	test
0502233	9302145	9150001	0102233	{"1":17500,"2":10,"3":100,"4":50}	175	100	35000	10	27000	30	35000	80	120000	160	225000	test
0502234	9302146	9150001	0102234	{"1":17500,"2":10,"3":100,"4":50}	175	100	35000	10	27000	30	35000	80	120000	160	225000	test
0502235	9302147	9150001	0102235	{"1":17500,"2":10,"3":100,"4":50}	175	100	35000	10	27000	30	35000	80	120000	160	225000	test
0502236	9302148	9150001	0102236	{"1":17500,"2":10,"3":100,"4":50}	175	100	35000	10	27000	30	35000	80	120000	160	225000	test
0502237	9302149	9150001	0102237	{"1":17500,"2":10,"3":100,"4":50}	175	100	35000	10	27000	30	35000	80	120000	160	225000	test
0502238	9302150	9150001	0102238	{"1":17500,"2":10,"3":100,"4":50}	175	100	35000	10	27000	30	35000	80	120000	160	225000	test
0502239	9302151	9150001	0102239	{"1":17500,"2":10,"3":100,"4":50}	175	100	35000	10	27000	30	35000	80	120000	160	225000	test
0502240	9302152	9150001	0102240	{"1":17500,"2":10,"3":100,"4":50}	175	100	35000	10	27000	30	35000	80	120000	160	225000	test
0502241	9302153	9150001	0102241	{"1":17500,"2":10,"3":100,"4":50}	175	100	35000	10	27000	30	35000	80	120000	160	225000	test
0502651	9302651	9150001	0102651	{"1":17500,"2":10,"3":100,"4":50}	175	100	35000	10	27000	30	35000	80	120000	160	225000	test
0502654	9302654	9150001	0102654	{"1":17500,"2":10,"3":100,"4":50}	175	100	35000	10	27000	30	35000	80	120000	160	225000	test
0502658	9302658	9150001	0102658	{"1":17500,"2":10,"3":100,"4":50}	175	100	35000	10	27000	30	35000	80	120000	160	225000	test
0502660	9302660	9150001	0102660	{"1":17500,"2":10,"3":100,"4":50}	175	100	35000	10	27000	30	35000	80	120000	160	225000	test
0502666	9302666	9150001	0102666	{"1":17500,"2":10,"3":100,"4":50}	175	100	35000	10	27000	30	35000	80	120000	160	225000	test
0502667	9302667	9150001	0102667	{"1":17500,"2":10,"3":100,"4":50}	175	100	35000	10	27000	30	35000	80	120000	160	225000	test
0502668	9302668	9150001	0102668	{"1":17500,"2":10,"3":100,"4":50}	175	100	35000	10	27000	30	35000	80	120000	160	225000	test
0501001	9301001	9150001	0101001	{"1":17500,"2":10,"3":100,"4":50}	175	100	1500	10	27000	30	35000	80	120000	160	0	drop
0501002	9301002	9150001	0101002	{"1":17500,"2":10,"3":100,"4":50}	175	100	1500	10	27000	30	35000	80	120000	160	0	drop
0501003	9301003	9150001	0101003	{"1":17500,"2":10,"3":100,"4":50}	175	100	1500	10	27000	30	35000	80	120000	160	0	drop
0501004	9301004	9150001	0101004	{"1":17500,"2":10,"3":100,"4":50}	175	100	1500	10	27000	30	35000	80	120000	160	0	drop
0501005	9301005	9150001	0101005	{"1":17500,"2":10,"3":100,"4":50}	175	100	1500	10	27000	30	35000	80	120000	160	0	drop
0501006	9301006	9150001	0101006	{"1":17500,"2":10,"3":100,"4":50}	175	100	1500	10	27000	30	35000	80	120000	160	0	drop
0501007	9301007	9150001	0101007	{"1":17500,"2":10,"3":100,"4":50}	175	100	1500	10	27000	30	35000	80	120000	160	0	none
0501008	9301008	9150001	0101008	{"1":12500,"2":6,"3":100,"4":50}	125	20	3000	10	27000	30	35000	80	120000	160	225000	pvp
0501009	9301009	9150001	0101009	{"1":10000,"2":4,"3":100,"4":50}	100	10	1500	10	27000	30	35000	80	120000	160	225000	pvp
0501010	9301010	9150001	0101010	{"1":10000,"2":4,"3":100,"4":50}	100	10	1500	10	27000	30	35000	80	120000	160	225000	pvp
0501011	9301011	9150001	0101011	{"1":12500,"2":6,"3":100,"4":50}	125	20	3000	10	27000	30	35000	80	120000	160	225000	pvp
0501012	9301012	9150001	0101012	{"1":7500,"2":2,"3":100,"4":50}	75	10	3000	10	27000	30	35000	80	120000	160	225000	pvp
0501013	9301013	9150001	0101013	{"1":10000,"2":4,"3":100,"4":50}	100	10	1500	10	27000	30	35000	80	120000	160	225000	pvp
0501014	9301014	9150001	0101014	{"1":10000,"2":4,"3":100,"4":50}	100	10	1500	10	27000	30	35000	80	120000	160	225000	shop
0501015	9301015	9150001	0101015	{"1":12500,"2":6,"3":100,"4":50}	125	20	3000	10	27000	30	35000	80	120000	160	225000	shop
0501016	9301016	9150001	0101016	{"1":12500,"2":6,"3":100,"4":50}	125	20	3000	10	27000	30	35000	80	120000	160	225000	shop
0501017	9301017	9150001	0101017	{"1":10000,"2":4,"3":100,"4":50}	100	10	1500	10	27000	30	35000	80	120000	160	225000	vdraw
0501018	9301018	9150001	0101018	{"1":12500,"2":6,"3":100,"4":50}	125	20	3000	10	27000	30	35000	80	120000	160	225000	vdraw
0501019	9301019	9150001	0101019	{"1":12500,"2":6,"3":100,"4":50}	125	20	3000	10	27000	30	35000	80	120000	160	225000	vdraw
0501020	9301020	9150001	0101020	{"1":15000,"2":8,"3":100,"4":50}	150	40	6000	10	27000	30	35000	80	120000	160	0	vdraw
0501021	9301021	9150001	0101021	{"1":7500,"2":2,"3":100,"4":50}	75	10	1500	10	27000	30	35000	80	120000	160	225000	gdraw
0501022	9301022	9150001	0101022	{"1":10000,"2":4,"3":100,"4":50}	100	10	1500	10	27000	30	35000	80	120000	160	225000	gdraw
0501023	9301023	9150001	0101023	{"1":12500,"2":6,"3":100,"4":50}	125	20	3000	10	27000	30	35000	80	120000	160	225000	gdraw
0501024	9301024	9150001	0101024	{"1":12500,"2":6,"3":100,"4":50}	125	20	3000	10	27000	30	35000	80	120000	160	225000	
0501025	9301025	9150001	0101025	{"1":12500,"2":6,"3":100,"4":50}	125	20	3000	10	27000	30	35000	80	120000	160	225000	none
0501026	9301026	9150001	0101026	{"1":10000,"2":4,"3":100,"4":50}	100	10	1500	10	27000	30	35000	80	120000	160	225000	
0501027	9301027	9150001	0101027	{"1":12500,"2":6,"3":100,"4":50}	125	20	3000	10	27000	30	35000	80	120000	160	225000	
0501028	9301028	9150001	0101028	{"1":10000,"2":4,"3":100,"4":50}	100	10	1500	10	27000	30	35000	80	120000	160	225000	
0501029	9301029	9150001	0101029	{"1":10000,"2":4,"3":100,"4":50}	100	10	1500	10	27000	30	35000	80	120000	160	225000	
0501030	9301030	9150001	0101030	{"1":12500,"2":6,"3":100,"4":50}	125	20	3000	10	27000	30	35000	80	120000	160	225000	none
0501031	9301031	9150001	0101031	{"1":50000,"2":60,"3":100,"4":50}	150	30	6000	30	27000	40	35000	100	120000	130	225000	none
0501032	9301032	9150001	0101032	{"1":10000,"2":4,"3":100,"4":50}	100	10	1500	10	27000	30	35000	80	120000	160	225000	none
0501033	9301033	9150001	0101033	{"1":12500,"2":6,"3":100,"4":50}	125	20	3000	10	27000	30	35000	80	120000	160	225000	none
0501034	9301034	9150001	0101034	{"1":10000,"2":4,"3":100,"4":50}	100	10	1500	10	27000	30	35000	80	120000	160	225000	none
0501035	9301035	9150001	0101035	{"1":10000,"2":4,"3":100,"4":50}	100	10	1500	10	27000	30	35000	80	120000	160	225000	none
0501036	9301036	9150001	0101036	{"1":10000,"2":4,"3":100,"4":50}	100	10	1500	10	27000	30	35000	80	120000	160	225000	none
0501037	9301037	9150001	0101037	{"1":10000,"2":4,"3":100,"4":50}	100	10	1500	10	27000	30	35000	80	120000	160	225000	none
0501038	9301038	9150001	0101038	{"1":10000,"2":4,"3":100,"4":50}	100	10	1500	10	27000	30	35000	80	120000	160	225000	none
0501039	9301039	9150001	0101039	{"1":7500,"2":2,"3":100,"4":50}	75	10	6000	10	27000	30	35000	80	120000	160	225000	none
0501040	9301040	9150001	0101040	{"1":10000,"2":4,"3":100,"4":50}	100	10	1500	10	27000	30	35000	80	120000	160	225000	none
0501041	9301041	9150001	0101041	{"1":12500,"2":6,"3":100,"4":50}	125	20	3000	10	27000	30	35000	80	120000	160	225000	none
0501042	9301042	9150001	0101042	{"1":10000,"2":4,"3":100,"4":50}	100	10	1500	10	27000	30	35000	80	120000	160	225000	none
0501043	9301043	9150001	0101043	{"1":12500,"2":6,"3":100,"4":50}	125	20	3000	10	27000	30	35000	80	120000	160	225000	none
0501044	9301044	9150001	0101044	{"1":7500,"2":2,"3":100,"4":50}	75	10	6000	10	27000	30	35000	80	120000	160	225000	none
0501045	9301045	9150001	0101045	{"1":10000,"2":4,"3":100,"4":50}	100	10	1500	10	27000	30	35000	80	120000	160	225000	none
0501046	9301046	9150001	0101046	{"1":10000,"2":4,"3":100,"4":50}	100	10	1500	10	27000	30	35000	80	120000	160	225000	none
0501047	9301047	9150001	0101047	{"1":17500,"2":10,"3":100,"4":50}	175	100	35000	10	27000	30	35000	80	120000	160	225000	v2draw
0501048	9301048	9150001	0101048	{"1":10000,"2":4,"3":100,"4":50}	100	10	1500	10	27000	30	35000	80	120000	160	225000	none
0501049	9301049	9150001	0101049	{"1":12500,"2":6,"3":100,"4":50}	125	20	3000	10	27000	30	35000	80	120000	160	225000	none
0501050	9301050	9150001	0101050	{"1":10000,"2":4,"3":100,"4":50}	100	10	1500	10	27000	30	35000	80	120000	160	225000	none
0501051	9301051	9150001	0101051	{"1":50000,"2":60,"3":100,"4":50}	150	30	6000	30	27000	40	35000	100	120000	130	225000	none
0501052	9301052	9150001	0101052	{"1":7500,"2":2,"3":100,"4":50}	75	10	6000	10	27000	30	35000	80	120000	160	225000	none
0501053	9301053	9150001	0101053	{"1":17500,"2":10,"3":100,"4":50}	175	100	35000	10	27000	30	35000	80	120000	160	225000	none
0501054	9301054	9150001	0101054	{"1":17500,"2":10,"3":100,"4":50}	175	100	35000	10	27000	30	35000	80	120000	160	225000	none
0501055	9301055	9150001	0101055	{"1":7500,"2":2,"3":100,"4":50}	75	10	6000	10	27000	30	35000	80	120000	160	225000	none
0501056	9301056	9150001	0101056	{"1":17500,"2":10,"3":100,"4":50}	175	100	35000	10	27000	30	35000	80	120000	160	225000	none
0501057	9301057	9150001	0101057	{"1":17500,"2":10,"3":100,"4":50}	175	100	35000	10	27000	30	35000	80	120000	160	225000	v2draw
0501058	9301058	9150001	0101058	{"1":17500,"2":10,"3":100,"4":50}	175	100	35000	10	27000	30	35000	80	120000	160	225000	v2draw
0501059	9301059	9150001	0101059	{"1":17500,"2":10,"3":100,"4":50}	175	100	35000	10	27000	30	35000	80	120000	160	225000	test
0501060	9301060	9150001	0101060	{"1":15000,"2":8,"3":100,"4":50}	150	40	6000	10	27000	30	35000	80	120000	160	225000	v2draw
0501061	9301061	9150001	0101061	{"1":15000,"2":8,"3":100,"4":50}	150	40	6000	10	27000	30	35000	80	120000	160	225000	v2draw
0501062	9301062	9150001	0101062	{"1":17500,"2":10,"3":100,"4":50}	175	100	35000	10	27000	30	35000	80	120000	160	225000	test
0501063	9301063	9150001	0101063	{"1":17500,"2":10,"3":100,"4":50}	175	100	35000	10	27000	30	35000	80	120000	160	225000	test
0501064	9301064	9150001	0101064	{"1":17500,"2":10,"3":100,"4":50}	175	100	35000	10	27000	30	35000	80	120000	160	225000	test
0501065	9301065	9150001	0101065	{"1":17500,"2":10,"3":100,"4":50}	175	100	35000	10	27000	30	35000	80	120000	160	225000	test
0501066	9301066	9150001	0101066	{"1":17500,"2":10,"3":100,"4":50}	175	100	35000	10	27000	30	35000	80	120000	160	225000	test
0501067	9301067	9150001	0101067	{"1":17500,"2":10,"3":100,"4":50}	175	100	35000	10	27000	30	35000	80	120000	160	225000	test
0501068	9301068	9150001	0101068	{"1":17500,"2":10,"3":100,"4":50}	175	100	35000	10	27000	30	35000	80	120000	160	225000	test
0501069	9301069	9150001	0101069	{"1":17500,"2":10,"3":100,"4":50}	175	100	35000	10	27000	30	35000	80	120000	160	225000	test
0501070	9301070	9150001	0101070	{"1":17500,"2":10,"3":100,"4":50}	175	100	35000	10	27000	30	35000	80	120000	160	225000	test
0501071	9301071	9150001	0101071	{"1":17500,"2":10,"3":100,"4":50}	175	100	35000	10	27000	30	35000	80	120000	160	225000	test
0501072	9301072	9150001	0101072	{"1":7500,"2":2,"3":100,"4":50}	75	10	1500	10	27000	30	35000	80	120000	160	225000	v2draw
0501073	9301073	9150001	0101073	{"1":17500,"2":10,"3":100,"4":50}	175	100	35000	10	27000	30	35000	80	120000	160	225000	v2draw
0506001	9306001	9150001	0106001	{"1":15000,"2":8,"3":100,"4":50}	150	40	6000	10	27000	30	35000	80	120000	160	225000	drop
0506002	9306002	9150001	0106002	{"1":12500,"2":6,"3":100,"4":50}	125	20	3000	10	27000	30	35000	80	120000	160	225000	drop
0506051	9306003	9150001	0106051	{"1":15000,"2":8,"3":100,"4":50}	150	40	6000	10	27000	30	35000	80	120000	160	225000	gdraw
0506052	9306004	9150001	0106052	{"1":15000,"2":8,"3":100,"4":50}	150	40	6000	10	27000	30	35000	80	120000	160	225000	vdraw
0506053	9306005	9150001	0106053	{"1":15000,"2":8,"3":100,"4":50}	150	40	6000	10	27000	30	35000	80	120000	160	225000	v2draw
0506054	9306006	9150001	0106054	{"1":12500,"2":6,"3":100,"4":50}	125	20	3000	10	27000	30	35000	80	120000	160	225000	v10draw
0506055	9306007	9150001	0106055	{"1":12500,"2":6,"3":100,"4":50}	125	20	3000	10	27000	30	35000	80	120000	160	225000	vdraw
0506056	9306008	9150001	0106056	{"1":17500,"2":10,"3":100,"4":50}	175	100	35000	10	27000	30	35000	80	120000	160	225000	vdraw
0506057	9306009	9150001	0106057	{"1":12500,"2":6,"3":100,"4":50}	125	20	3000	10	27000	30	35000	80	120000	160	225000	drop
0506058	9306010	9150001	0106058	{"1":12500,"2":6,"3":100,"4":50}	125	20	3000	10	27000	30	35000	80	120000	160	225000	vdraw
0506059	9306011	9150001	0106059	{"1":17500,"2":10,"3":100,"4":50}	175	100	35000	10	27000	30	35000	80	120000	160	225000	v2draw
0506060	9306012	9150001	0106060	{"1":12500,"2":6,"3":100,"4":50}	125	20	3000	10	27000	30	35000	80	120000	160	225000	v10draw
0506061	9306013	9150001	0106061	{"1":17500,"2":10,"3":100,"4":50}	175	100	35000	10	27000	30	35000	80	120000	160	225000	v10draw
0506062	9306014	9150001	0106062	{"1":15000,"2":8,"3":100,"4":50}	150	40	6000	10	27000	30	35000	80	120000	160	225000	v2draw
0506063	9306015	9150001	0106063	{"1":17500,"2":10,"3":100,"4":50}	175	100	35000	10	27000	30	35000	80	120000	160	225000	v2draw
0506064	9306016	9150001	0106064	{"1":17500,"2":10,"3":100,"4":50}	175	100	35000	10	27000	30	35000	80	120000	160	225000	v2draw
0506003	9306017	9150001	0106065	{"1":15000,"2":8,"3":100,"4":50}	150	40	6000	10	27000	30	35000	80	120000	160	225000	drop
0506066	9306018	9150001	0106066	{"1":15000,"2":8,"3":100,"4":50}	150	40	6000	10	27000	30	35000	80	120000	160	225000	v2draw
0506067	9306019	9150001	0106067	{"1":17500,"2":10,"3":100,"4":50}	175	100	35000	10	27000	30	35000	80	120000	160	225000	test
0506068	9306020	9150001	0106068	{"1":17500,"2":10,"3":100,"4":50}	175	100	35000	10	27000	30	35000	80	120000	160	225000	v10draw
0506069	9306021	9150001	0106069	{"1":17500,"2":10,"3":100,"4":50}	175	100	35000	10	27000	30	35000	80	120000	160	225000	test
0506070	9306022	9150001	0106070	{"1":17500,"2":10,"3":100,"4":50}	175	100	35000	10	27000	30	35000	80	120000	160	225000	test
0506071	9306023	9150001	0106071	{"1":17500,"2":10,"3":100,"4":50}	175	100	35000	10	27000	30	35000	80	120000	160	225000	test
0506072	9306024	9150001	0106072	{"1":17500,"2":10,"3":100,"4":50}	175	100	35000	10	27000	30	35000	80	120000	160	225000	test
0506073	9306025	9150001	0106073	{"1":17500,"2":10,"3":100,"4":50}	175	100	35000	10	27000	30	35000	80	120000	160	225000	test
0506074	9306026	9150001	0106074	{"1":17500,"2":10,"3":100,"4":50}	175	100	35000	10	27000	30	35000	80	120000	160	225000	test
0506075	9306027	9150001	0106075	{"1":17500,"2":10,"3":100,"4":50}	175	100	35000	10	27000	30	35000	80	120000	160	225000	test
0506076	9306028	9150001	0106076	{"1":17500,"2":10,"3":100,"4":50}	175	100	35000	10	27000	30	35000	80	120000	160	225000	test
0506077	9306029	9150001	0106077	{"1":15000,"2":8,"3":100,"4":50}	150	40	6000	10	27000	30	35000	80	120000	160	225000	v2draw
0506078	9306030	9150001	0106078	{"1":17500,"2":10,"3":100,"4":50}	175	100	35000	10	27000	30	35000	80	120000	160	225000	v2draw
0506079	9306031	9150001	0106079	{"1":15000,"2":8,"3":100,"4":50}	150	40	6000	10	27000	30	35000	80	120000	160	225000	v2draw
0506080	9306032	9150001	0106080	{"1":17500,"2":10,"3":100,"4":50}	175	100	35000	10	27000	30	35000	80	120000	160	225000	v2draw
0506081	9306033	9150001	0106081	{"1":15000,"2":8,"3":100,"4":50}	150	40	6000	10	27000	30	35000	80	120000	160	225000	v2draw
0506082	9306034	9150001	0106082	{"1":15000,"2":8,"3":100,"4":50}	150	40	6000	10	27000	30	35000	80	120000	160	225000	v2draw
0506083	9306035	9150001	0106083	{"1":17500,"2":10,"3":100,"4":50}	175	100	35000	10	27000	30	35000	80	120000	160	225000	test
0506084	9306036	9150001	0106084	{"1":17500,"2":10,"3":100,"4":50}	175	100	35000	10	27000	30	35000	80	120000	160	225000	test
0506085	9306037	9150001	0106085	{"1":17500,"2":10,"3":100,"4":50}	175	100	35000	10	27000	30	35000	80	120000	160	225000	test
0506086	9306038	9150001	0106086	{"1":17500,"2":10,"3":100,"4":50}	175	100	35000	10	27000	30	35000	80	120000	160	225000	test
0506087	9306039	9150001	0106087	{"1":15000,"2":8,"3":100,"4":50}	150	40	6000	10	27000	30	35000	80	120000	160	225000	v2draw
0506088	9306040	9150001	0106088	{"1":15000,"2":8,"3":100,"4":50}	150	40	6000	10	27000	30	35000	80	120000	160	225000	v2draw
0506089	9306041	9150001	0106089	{"1":15000,"2":8,"3":100,"4":50}	150	40	6000	10	27000	30	35000	80	120000	160	225000	v2draw
0506090	9306042	9150001	0106090	{"1":17500,"2":10,"3":100,"4":50}	175	100	35000	10	27000	30	35000	80	120000	160	225000	test
0506091	9306043	9150001	0106091	{"1":17500,"2":10,"3":100,"4":50}	175	100	35000	10	27000	30	35000	80	120000	160	225000	test
0506092	9306044	9150001	0106092	{"1":17500,"2":10,"3":100,"4":50}	175	100	35000	10	27000	30	35000	80	120000	160	225000	test
0506093	9306045	9150001	0106093	{"1":17500,"2":10,"3":100,"4":50}	175	100	35000	10	27000	30	35000	80	120000	160	225000	test
0506094	9306046	9150001	0106094	{"1":17500,"2":10,"3":100,"4":50}	175	100	35000	10	27000	30	35000	80	120000	160	225000	test
0506095	9306047	9150001	0106095	{"1":17500,"2":10,"3":100,"4":50}	175	100	35000	10	27000	30	35000	80	120000	160	225000	test
0506096	9306048	9150001	0106096	{"1":17500,"2":10,"3":100,"4":50}	175	100	35000	10	27000	30	35000	80	120000	160	225000	test
0506097	9306049	9150001	0106097	{"1":17500,"2":10,"3":100,"4":50}	175	100	35000	10	27000	30	35000	80	120000	160	225000	test
0506098	9306050	9150001	0106098	{"1":17500,"2":10,"3":100,"4":50}	175	100	35000	10	27000	30	35000	80	120000	160	225000	test
0506099	9306051	9150001	0106099	{"1":17500,"2":10,"3":100,"4":50}	175	100	35000	10	27000	30	35000	80	120000	160	225000	test
0506100	9306052	9150001	0106100	{"1":17500,"2":10,"3":100,"4":50}	175	100	35000	10	27000	30	35000	80	120000	160	225000	test
0506101	9306053	9150001	0106101	{"1":17500,"2":10,"3":100,"4":50}	175	100	35000	10	27000	30	35000	80	120000	160	225000	test
0506651	9306651	9150001	0106651	{"1":17500,"2":10,"3":100,"4":50}	175	100	35000	10	27000	30	35000	80	120000	160	225000	test
0506654	9306654	9150001	0106654	{"1":17500,"2":10,"3":100,"4":50}	175	100	35000	10	27000	30	35000	80	120000	160	225000	test
0506658	9306658	9150001	0106658	{"1":17500,"2":10,"3":100,"4":50}	175	100	35000	10	27000	30	35000	80	120000	160	225000	test
0506660	9306660	9150001	0106660	{"1":17500,"2":10,"3":100,"4":50}	175	100	35000	10	27000	30	35000	80	120000	160	225000	test
0506664	9306664	9150001	0106664	{"1":17500,"2":10,"3":100,"4":50}	175	100	35000	10	27000	30	35000	80	120000	160	225000	test
0504001	9304001	9150001	0104001	{"1":17500,"2":10,"3":100,"4":50}	175	100	35000	10	27000	30	35000	80	120000	160	225000	v2draw
0504002	9304002	9150001	0104002	{"1":17500,"2":10,"3":100,"4":50}	175	100	35000	10	27000	30	35000	80	120000	160	225000	v2draw
0504003	9304003	9150001	0104003	{"1":17500,"2":10,"3":100,"4":50}	175	100	35000	10	27000	30	35000	80	120000	160	225000	v2draw
0504004	9304004	9150001	0104004	{"1":12500,"2":6,"3":100,"4":50}	125	20	3000	10	27000	30	35000	80	120000	160	225000	v2draw
0504005	9304005	9150001	0104005	{"1":15000,"2":8,"3":100,"4":50}	150	40	6000	10	27000	30	35000	80	120000	160	225000	none
0511001	9307001	9150004	0201001	{"1":1250,"2":2,"3":20,"4":10}	10	10	1500	0	0	0	0	0	0	0	0	gdraw
0511002	9307002	9150005	0201002	{"1":2000,"2":2,"3":20,"4":10}	20	20	3000	0	0	0	0	0	0	0	0	gdraw
0511003	9307003	9150006	0201003	{"1":3000,"2":2,"3":40,"4":20}	30	30	6000	0	0	0	0	0	0	0	0	gdraw
0511004	9307004	9150007	0201004	{"1":4000,"2":2,"3":40,"4":20}	40	40	10000	0	0	0	0	0	0	0	0	gdraw
0511005	9307005	9150008	0201005	{"1":6000,"2":2,"3":45,"4":30}	60	60	15000	0	0	0	0	0	0	0	0	vdraw
0511006	9307006	9150009	0201006	{"1":8000,"2":2,"3":45,"4":30}	80	80	21000	0	0	0	0	0	0	0	0	vdraw
0511007	9307007	9150010	0201007	{"1":1250,"2":2,"3":20,"4":10}	10	10	1500	0	0	0	0	0	0	0	0	gdraw
0511008	9307008	9150011	0201008	{"1":2000,"2":2,"3":20,"4":10}	20	20	3000	0	0	0	0	0	0	0	0	gdraw
0511009	9307009	9150012	0201009	{"1":3000,"2":2,"3":40,"4":20}	30	30	6000	0	0	0	0	0	0	0	0	gdraw
0511010	9307010	9150013	0201010	{"1":4000,"2":2,"3":40,"4":20}	40	40	10000	0	0	0	0	0	0	0	0	gdraw
0511011	9307011	9150014	0201011	{"1":6000,"2":2,"3":45,"4":30}	60	60	15000	0	0	0	0	0	0	0	0	vdraw
0511012	9307012	9150015	0201012	{"1":8000,"2":2,"3":45,"4":30}	80	80	21000	0	0	0	0	0	0	0	0	vdraw
0511013	9307013	9150016	0201013	{"1":1250,"2":2,"3":20,"4":10}	10	10	1500	0	0	0	0	0	0	0	0	gdraw
0511014	9307014	9150017	0201014	{"1":2000,"2":2,"3":20,"4":10}	20	20	3000	0	0	0	0	0	0	0	0	gdraw
0511015	9307015	9150018	0201015	{"1":3000,"2":2,"3":40,"4":20}	30	30	6000	0	0	0	0	0	0	0	0	gdraw
0511016	9307016	9150019	0201016	{"1":4000,"2":2,"3":40,"4":20}	40	40	10000	0	0	0	0	0	0	0	0	gdraw
0511017	9307017	9150020	0201017	{"1":6000,"2":2,"3":45,"4":30}	60	60	15000	0	0	0	0	0	0	0	0	vdraw
0511018	9307018	9150021	0201018	{"1":8000,"2":2,"3":45,"4":30}	80	80	21000	0	0	0	0	0	0	0	0	vdraw
0511019	9307019	9150022	0201019	{"1":1250,"2":2,"3":20,"4":10}	10	10	1500	0	0	0	0	0	0	0	0	gdraw
0511020	9307020	9150023	0201020	{"1":2000,"2":2,"3":20,"4":10}	20	20	3000	0	0	0	0	0	0	0	0	gdraw
0511021	9307021	9150024	0201021	{"1":3000,"2":2,"3":40,"4":20}	30	30	6000	0	0	0	0	0	0	0	0	gdraw
0511022	9307022	9150025	0201022	{"1":4000,"2":2,"3":40,"4":20}	40	40	10000	0	0	0	0	0	0	0	0	gdraw
0511023	9307023	9150026	0201023	{"1":6000,"2":2,"3":45,"4":30}	60	60	15000	0	0	0	0	0	0	0	0	vdraw
0511024	9307024	9150027	0201024	{"1":8000,"2":2,"3":45,"4":30}	80	80	21000	0	0	0	0	0	0	0	0	vdraw
0511025	9307025	9150028	0201025	{"1":1250,"2":2,"3":20,"4":10}	10	10	1500	0	0	0	0	0	0	0	0	gdraw
0511026	9307026	9150029	0201026	{"1":2000,"2":2,"3":20,"4":10}	20	20	3000	0	0	0	0	0	0	0	0	gdraw
0511027	9307027	9150030	0201027	{"1":3000,"2":2,"3":40,"4":20}	30	30	6000	0	0	0	0	0	0	0	0	gdraw
0511028	9307028	9150031	0201028	{"1":4000,"2":2,"3":40,"4":20}	40	40	10000	0	0	0	0	0	0	0	0	gdraw
0511029	9307029	9150032	0201029	{"1":6000,"2":2,"3":45,"4":30}	60	60	15000	0	0	0	0	0	0	0	0	vdraw
0511030	9307030	9150033	0201030	{"1":8000,"2":2,"3":45,"4":30}	80	80	21000	0	0	0	0	0	0	0	0	vdraw
0511031	9307031	9150034	0201031	{"1":1250,"2":2,"3":20,"4":10}	10	10	1500	0	0	0	0	0	0	0	0	gdraw
0511032	9307032	9150035	0201032	{"1":2000,"2":2,"3":20,"4":10}	20	20	3000	0	0	0	0	0	0	0	0	gdraw
0511033	9307033	9150036	0201033	{"1":3000,"2":2,"3":40,"4":20}	30	30	6000	0	0	0	0	0	0	0	0	gdraw
0511034	9307034	9150037	0201034	{"1":4000,"2":2,"3":40,"4":20}	40	40	10000	0	0	0	0	0	0	0	0	gdraw
0511035	9307035	9150038	0201035	{"1":6000,"2":2,"3":45,"4":30}	60	60	15000	0	0	0	0	0	0	0	0	vdraw
0511036	9307036	9150039	0201036	{"1":8000,"2":2,"3":45,"4":30}	80	80	21000	0	0	0	0	0	0	0	0	vdraw
0511037	9307037	9150040	0201037	{"1":1250,"2":2,"3":20,"4":10}	10	10	1500	0	0	0	0	0	0	0	0	gdraw
0511038	9307038	9150041	0201038	{"1":2000,"2":2,"3":20,"4":10}	20	20	3000	0	0	0	0	0	0	0	0	gdraw
0511039	9307039	9150042	0201039	{"1":3000,"2":2,"3":40,"4":20}	30	30	6000	0	0	0	0	0	0	0	0	gdraw
0511040	9307040	9150043	0201040	{"1":4000,"2":2,"3":40,"4":20}	40	40	10000	0	0	0	0	0	0	0	0	gdraw
0511041	9307041	9150044	0201041	{"1":6000,"2":2,"3":45,"4":30}	60	60	15000	0	0	0	0	0	0	0	0	vdraw
0511042	9307042	9150045	0201042	{"1":8000,"2":2,"3":45,"4":30}	80	80	21000	0	0	0	0	0	0	0	0	vdraw
0511043	9307043	9150046	0201043	{"1":1250,"2":2,"3":20,"4":10}	10	10	1500	0	0	0	0	0	0	0	0	gdraw
0511044	9307044	9150047	0201044	{"1":2000,"2":2,"3":20,"4":10}	20	20	3000	0	0	0	0	0	0	0	0	gdraw
0511045	9307045	9150048	0201045	{"1":3000,"2":2,"3":40,"4":20}	30	30	6000	0	0	0	0	0	0	0	0	gdraw
0511046	9307046	9150049	0201046	{"1":4000,"2":2,"3":40,"4":20}	40	40	10000	0	0	0	0	0	0	0	0	gdraw
0511047	9307047	9150050	0201047	{"1":6000,"2":2,"3":45,"4":30}	60	60	15000	0	0	0	0	0	0	0	0	vdraw
0511048	9307048	9150051	0201048	{"1":8000,"2":2,"3":45,"4":30}	80	80	21000	0	0	0	0	0	0	0	0	vdraw
0511049	9307049	9107037	0201049	{"1":1250,"2":2,"3":20,"4":10}	10	10	1500	0	0	0	0	0	0	0	0	gdraw
0511050	9307050	9107038	0201050	{"1":2000,"2":2,"3":20,"4":10}	20	20	3000	0	0	0	0	0	0	0	0	gdraw
0511051	9307051	9107039	0201051	{"1":3000,"2":2,"3":40,"4":20}	30	30	6000	0	0	0	0	0	0	0	0	gdraw
0511052	9307052	9107040	0201052	{"1":4000,"2":2,"3":40,"4":20}	40	40	10000	0	0	0	0	0	0	0	0	gdraw
0511053	9307053	9107041	0201053	{"1":6000,"2":2,"3":45,"4":30}	60	60	15000	0	0	0	0	0	0	0	0	vdraw
0511054	9307054	9107042	0201054	{"1":8000,"2":2,"3":45,"4":30}	80	80	21000	0	0	0	0	0	0	0	0	vdraw
0511055	9307055	9107043	0201055	{"1":1250,"2":2,"3":20,"4":10}	10	10	1500	0	0	0	0	0	0	0	0	gdraw
0511056	9307056	9107044	0201056	{"1":2000,"2":2,"3":20,"4":10}	20	20	3000	0	0	0	0	0	0	0	0	gdraw
0511057	9307057	9107045	0201057	{"1":3000,"2":2,"3":40,"4":20}	30	30	6000	0	0	0	0	0	0	0	0	gdraw
0511058	9307058	9107046	0201058	{"1":4000,"2":2,"3":40,"4":20}	40	40	10000	0	0	0	0	0	0	0	0	gdraw
0511059	9307059	9107047	0201059	{"1":6000,"2":2,"3":45,"4":30}	60	60	15000	0	0	0	0	0	0	0	0	vdraw
0511060	9307060	9107048	0201060	{"1":8000,"2":2,"3":45,"4":30}	80	80	21000	0	0	0	0	0	0	0	0	vdraw
0511061	9307061	9107049	0201061	{"1":1250,"2":2,"3":20,"4":10}	10	10	1500	0	0	0	0	0	0	0	0	gdraw
0511062	9307062	9107050	0201062	{"1":2000,"2":2,"3":20,"4":10}	20	20	3000	0	0	0	0	0	0	0	0	gdraw
0511063	9307063	9107051	0201063	{"1":3000,"2":2,"3":40,"4":20}	30	30	6000	0	0	0	0	0	0	0	0	gdraw
0511064	9307064	9107052	0201064	{"1":4000,"2":2,"3":40,"4":20}	40	40	10000	0	0	0	0	0	0	0	0	gdraw
0511065	9307065	9107053	0201065	{"1":6000,"2":2,"3":45,"4":30}	60	60	15000	0	0	0	0	0	0	0	0	vdraw
0511066	9307066	9107054	0201066	{"1":8000,"2":2,"3":45,"4":30}	80	80	21000	0	0	0	0	0	0	0	0	vdraw
0510001	9309001	9150003	0401001	{"1":1250,"2":2,"3":20,"4":10}	10	10	1500	30	27000	40	35000	80	120000	150	225000	gdraw
0510002	9309002	9150003	0401002	{"1":2000,"2":2,"3":20,"4":10}	20	10	1500	30	27000	40	35000	80	120000	150	225000	gdraw
0510003	9309003	9150003	0401003	{"1":3000,"2":2,"3":40,"4":20}	30	20	3000	30	27000	40	35000	80	120000	150	225000	vdraw
0510004	9309004	9150003	0401004	{"1":4000,"2":2,"3":40,"4":20}	40	20	3000	30	27000	40	35000	80	120000	150	225000	vdraw
0510005	9309005	9150003	0401005	{"1":6000,"2":2,"3":45,"4":30}	60	30	6000	30	27000	40	35000	80	120000	150	225000	vdraw
0510006	9309006	9150003	0402001	{"1":1250,"2":2,"3":20,"4":10}	10	10	1500	30	27000	40	35000	80	120000	150	225000	gdraw
0510007	9309007	9150003	0402002	{"1":2000,"2":2,"3":20,"4":10}	20	10	1500	30	27000	40	35000	80	120000	150	225000	gdraw
0510008	9309008	9150003	0402003	{"1":3000,"2":2,"3":40,"4":20}	30	20	3000	30	27000	40	35000	80	120000	150	225000	vdraw
0510009	9309009	9150003	0402004	{"1":4000,"2":2,"3":40,"4":20}	40	20	3000	30	27000	40	35000	80	120000	150	225000	vdraw
0510010	9309010	9150003	0402005	{"1":6000,"2":2,"3":45,"4":30}	60	30	6000	30	27000	40	35000	80	120000	150	225000	vdraw
0510011	9309011	9150003	0403001	{"1":1250,"2":2,"3":20,"4":10}	10	10	1500	30	27000	40	35000	80	120000	150	225000	gdraw
0510012	9309012	9150003	0403002	{"1":2000,"2":2,"3":20,"4":10}	20	10	1500	30	27000	40	35000	80	120000	150	225000	gdraw
0510013	9309013	9150003	0403003	{"1":3000,"2":2,"3":40,"4":20}	30	20	3000	30	27000	40	35000	80	120000	150	225000	vdraw
0510014	9309014	9150003	0403004	{"1":4000,"2":2,"3":40,"4":20}	40	20	3000	30	27000	40	35000	80	120000	150	225000	vdraw
0510015	9309015	9150003	0403005	{"1":6000,"2":2,"3":45,"4":30}	60	30	6000	30	27000	40	35000	80	120000	150	225000	vdraw
0510016	9309016	9150003	0404001	{"1":1250,"2":2,"3":20,"4":10}	10	10	1500	30	27000	40	35000	80	120000	150	225000	gdraw
0510017	9309017	9150003	0404002	{"1":2000,"2":2,"3":20,"4":10}	20	10	1500	30	27000	40	35000	80	120000	150	225000	gdraw
0510018	9309018	9150003	0404003	{"1":3000,"2":2,"3":40,"4":20}	30	20	3000	30	27000	40	35000	80	120000	150	225000	vdraw
0510019	9309019	9150003	0404004	{"1":4000,"2":2,"3":40,"4":20}	40	20	3000	30	27000	40	35000	80	120000	150	225000	vdraw
0510020	9309020	9150003	0404005	{"1":6000,"2":2,"3":45,"4":30}	60	30	6000	30	27000	40	35000	80	120000	150	225000	vdraw
0510021	9309021	9150003	0405001	{"1":1250,"2":2,"3":20,"4":10}	10	10	1500	30	27000	40	35000	80	120000	150	225000	gdraw
0510022	9309022	9150003	0405002	{"1":2000,"2":2,"3":20,"4":10}	20	10	1500	30	27000	40	35000	80	120000	150	225000	gdraw
0510023	9309023	9150003	0405003	{"1":3000,"2":2,"3":40,"4":20}	30	20	3000	30	27000	40	35000	80	120000	150	225000	vdraw
0510024	9309024	9150003	0405004	{"1":4000,"2":2,"3":40,"4":20}	40	20	3000	30	27000	40	35000	80	120000	150	225000	vdraw
0510025	9309025	9150003	0405005	{"1":6000,"2":2,"3":45,"4":30}	60	30	6000	30	27000	40	35000	80	120000	150	225000	vdraw
0551001	9358001	9158002	5001024	{"1":10000,"2":2,"3":50,"4":25}	30	10	1500	0	0	0	0	0	0	0	0	0
0551002	9358002	9158002	5001026	{"1":10000,"2":2,"3":50,"4":25}	30	10	1500	0	0	0	0	0	0	0	0	0
0551003	9358003	9158002	5001028	{"1":10000,"2":2,"3":50,"4":25}	30	10	1500	0	0	0	0	0	0	0	0	0
0551004	9358004	9158002	5001029	{"1":10000,"2":2,"3":50,"4":25}	30	10	1500	0	0	0	0	0	0	0	0	0
0551005	9358005	9158002	5001027	{"1":10000,"2":2,"3":50,"4":25}	30	10	1500	0	0	0	0	0	0	0	0	0
0552001	9358006	9158002	5002035	{"1":10000,"2":2,"3":50,"4":25}	30	10	1500	0	0	0	0	0	0	0	0	0
0552002	9358007	9158002	5002040	{"1":6000,"2":2,"3":45,"4":30}	30	15	2250	0	0	0	0	0	0	0	0	0
0552003	9358008	9158002	5002046	{"1":6000,"2":2,"3":45,"4":30}	30	15	2250	0	0	0	0	0	0	0	0	0
0552004	9358009	9158002	5002501	{"1":6000,"2":2,"3":45,"4":30}	30	15	2250	0	0	0	0	0	0	0	0	0
0552005	9358010	9158002	5002502	{"1":6000,"2":2,"3":45,"4":30}	30	15	2250	0	0	0	0	0	0	0	0	0
0552006	9358011	9158002	5002503	{"1":6000,"2":2,"3":45,"4":30}	30	15	2250	0	0	0	0	0	0	0	0	0
0552007	9358012	9158002	5002504	{"1":6000,"2":2,"3":45,"4":30}	30	20	3000	0	0	0	0	0	0	0	0	0
0552008	9358013	9158002	5002505	{"1":6000,"2":2,"3":45,"4":30}	30	15	2250	0	0	0	0	0	0	0	0	0
0552009	9358014	9158002	5002506	{"1":6000,"2":2,"3":45,"4":30}	30	15	2250	0	0	0	0	0	0	0	0	0
0553001	9358015	9158002	5003501	{"1":6000,"2":2,"3":45,"4":30}	30	15	2250	0	0	0	0	0	0	0	0	0
0553002	9358016	9158002	5003502	{"1":6000,"2":2,"3":45,"4":30}	30	15	2250	0	0	0	0	0	0	0	0	0
0553003	9358017	9158002	5003503	{"1":10000,"2":2,"3":50,"4":25}	30	10	1500	0	0	0	0	0	0	0	0	0
0553004	9358018	9158002	5003504	{"1":10000,"2":2,"3":50,"4":25}	30	10	1500	0	0	0	0	0	0	0	0	0
0553005	9358019	9158002	5003505	{"1":6000,"2":2,"3":45,"4":30}	30	15	2250	0	0	0	0	0	0	0	0	0
0553006	9358020	9158002	5003506	{"1":10000,"2":2,"3":50,"4":25}	30	10	1500	0	0	0	0	0	0	0	0	0
0553007	9358021	9158002	5003507	{"1":6000,"2":2,"3":45,"4":30}	30	20	3000	0	0	0	0	0	0	0	0	0
0555001	9358022	9158002	5005501	{"1":10000,"2":2,"3":50,"4":25}	30	10	1500	0	0	0	0	0	0	0	0	0
0555002	9358023	9158002	5005502	{"1":10000,"2":2,"3":50,"4":25}	30	10	1500	0	0	0	0	0	0	0	0	0
0555003	9358024	9158002	5005503	{"1":6000,"2":2,"3":45,"4":30}	30	15	2250	0	0	0	0	0	0	0	0	0
0555004	9358025	9158002	5005504	{"1":6000,"2":2,"3":45,"4":30}	30	15	2250	0	0	0	0	0	0	0	0	0
0555005	9358026	9158002	5005505	{"1":6000,"2":2,"3":45,"4":30}	30	15	2250	0	0	0	0	0	0	0	0	0
0555006	9358027	9158002	5005506	{"1":6000,"2":2,"3":45,"4":30}	30	15	2250	0	0	0	0	0	0	0	0	0
0555007	9358028	9158002	5005507	{"1":10000,"2":2,"3":50,"4":25}	30	10	1500	0	0	0	0	0	0	0	0	0
0555008	9358029	9158002	5005508	{"1":10000,"2":2,"3":50,"4":25}	30	10	1500	0	0	0	0	0	0	0	0	0
0555009	9358030	9158002	5005509	{"1":6000,"2":2,"3":45,"4":30}	30	20	3000	0	0	0	0	0	0	0	0	0